; FBX 6.1.0 project file
; Copyright (C) 1997-2008 Autodesk Inc. and/or its licensors.
; All rights reserved.
; ----------------------------------------------------

FBXHeaderExtension:  {
    FBXHeaderVersion: 1003
    FBXVersion: 6100
    CreationTimeStamp:  {
        Version: 1000
        Year: 2015
        Month: 1
        Day: 25
        Hour: 13
        Minute: 46
        Second: 19
        Millisecond: 879
    }
    Creator: "FBX SDK/FBX Plugins version 2010.2"
    OtherFlags:  {
        FlagPLE: 0
    }
}
CreationTime: "2015-01-25 13:46:19:879"
Creator: "FBX SDK/FBX Plugins build 20090731"

; Document Description
;------------------------------------------------------------------

Document:  {
    Name: ""
}

; Document References
;------------------------------------------------------------------

References:  {
}

; Object definitions
;------------------------------------------------------------------

Definitions:  {
    Version: 100
    Count: 15
    ObjectType: "Model" {
        Count: 4
    }
    ObjectType: "Material" {
        Count: 8
    }
    ObjectType: "SceneInfo" {
        Count: 1
    }
    ObjectType: "GlobalSettings" {
        Count: 1
    }
    ObjectType: "Pose" {
        Count: 1
    }
}

; Object properties
;------------------------------------------------------------------

Objects:  {
    Model: "Model::Terrain", "Mesh" {
        Version: 232
        Properties60:  {
            Property: "QuaternionInterpolate", "bool", "",0
            Property: "RotationOffset", "Vector3D", "",0,0,0
            Property: "RotationPivot", "Vector3D", "",0,0,0
            Property: "ScalingOffset", "Vector3D", "",0,0,0
            Property: "ScalingPivot", "Vector3D", "",0,0,0
            Property: "TranslationActive", "bool", "",0
            Property: "TranslationMin", "Vector3D", "",0,0,0
            Property: "TranslationMax", "Vector3D", "",0,0,0
            Property: "TranslationMinX", "bool", "",0
            Property: "TranslationMinY", "bool", "",0
            Property: "TranslationMinZ", "bool", "",0
            Property: "TranslationMaxX", "bool", "",0
            Property: "TranslationMaxY", "bool", "",0
            Property: "TranslationMaxZ", "bool", "",0
            Property: "RotationOrder", "enum", "",0
            Property: "RotationSpaceForLimitOnly", "bool", "",0
            Property: "RotationStiffnessX", "double", "",0
            Property: "RotationStiffnessY", "double", "",0
            Property: "RotationStiffnessZ", "double", "",0
            Property: "AxisLen", "double", "",10
            Property: "PreRotation", "Vector3D", "",0,0,0
            Property: "PostRotation", "Vector3D", "",0,0,0
            Property: "RotationActive", "bool", "",1
            Property: "RotationMin", "Vector3D", "",0,0,0
            Property: "RotationMax", "Vector3D", "",0,0,0
            Property: "RotationMinX", "bool", "",0
            Property: "RotationMinY", "bool", "",0
            Property: "RotationMinZ", "bool", "",0
            Property: "RotationMaxX", "bool", "",0
            Property: "RotationMaxY", "bool", "",0
            Property: "RotationMaxZ", "bool", "",0
            Property: "InheritType", "enum", "",0
            Property: "ScalingActive", "bool", "",0
            Property: "ScalingMin", "Vector3D", "",1,1,1
            Property: "ScalingMax", "Vector3D", "",1,1,1
            Property: "ScalingMinX", "bool", "",0
            Property: "ScalingMinY", "bool", "",0
            Property: "ScalingMinZ", "bool", "",0
            Property: "ScalingMaxX", "bool", "",0
            Property: "ScalingMaxY", "bool", "",0
            Property: "ScalingMaxZ", "bool", "",0
            Property: "GeometricTranslation", "Vector3D", "",0,0,0
            Property: "GeometricRotation", "Vector3D", "",0,0,0
            Property: "GeometricScaling", "Vector3D", "",1,1,1
            Property: "MinDampRangeX", "double", "",0
            Property: "MinDampRangeY", "double", "",0
            Property: "MinDampRangeZ", "double", "",0
            Property: "MaxDampRangeX", "double", "",0
            Property: "MaxDampRangeY", "double", "",0
            Property: "MaxDampRangeZ", "double", "",0
            Property: "MinDampStrengthX", "double", "",0
            Property: "MinDampStrengthY", "double", "",0
            Property: "MinDampStrengthZ", "double", "",0
            Property: "MaxDampStrengthX", "double", "",0
            Property: "MaxDampStrengthY", "double", "",0
            Property: "MaxDampStrengthZ", "double", "",0
            Property: "PreferedAngleX", "double", "",0
            Property: "PreferedAngleY", "double", "",0
            Property: "PreferedAngleZ", "double", "",0
            Property: "LookAtProperty", "object", ""
            Property: "UpVectorProperty", "object", ""
            Property: "Show", "bool", "",1
            Property: "NegativePercentShapeSupport", "bool", "",1
            Property: "DefaultAttributeIndex", "int", "",0
            Property: "Freeze", "bool", "",0
            Property: "LODBox", "bool", "",0
            Property: "Lcl Translation", "Lcl Translation", "A+",0,0,0
            Property: "Lcl Rotation", "Lcl Rotation", "A+",0,0,0
            Property: "Lcl Scaling", "Lcl Scaling", "A+",1,1,1
            Property: "Visibility", "Visibility", "A+",1
            Property: "Color", "ColorRGB", "N",0.8,0.8,0.8
            Property: "BBoxMin", "Vector3D", "N",0,0,0
            Property: "BBoxMax", "Vector3D", "N",0,0,0
        }
        MultiLayer: 0
        MultiTake: 1
        Shading: Y
        Culling: "CullingOff"
        Vertices: -2947.16186523438,0,-3450,2947.16186523438,0,-3450,780.000019073486,5.00000007450581,1225,880.000019073486,5.00000007450581
        ,1225,780.000019073486,104.999995231628,1225,880.000019073486,104.999995231628,1225,880.000019073486,1133.99991989136
        ,2867.00000762939,780.000019073486,1133.99991989136,2867.00000762939,1745.16181945801,0,2869.99988555908,-2947.16186523438
        ,0,1667.99983978271,1745.16181945801,989.999961853027,12850,3135.16178131104,989.999961853027,9539.99938964844,780.000019073486
        ,-2.00000498443842,1228.49998474121,780.000019073486,989.499950408936,2870.49999237061,-780.000019073486,-2.00000498443842
        ,1228.49998474121,-780.000019073486,989.499950408936,2870.49999237061,3185.00003814697,3160.00003814697,-3995.00007629395
        ,5134.99984741211,3160.00003814697,-205.000019073486,3250,3160.00003814697,-922.000026702881,3727.00004577637,3160.00003814697
        ,-445.000028610229,1255.00001907349,3160.00003814697,-3995.00007629395,1255.00001907349,3160.00003814697,-6195.00007629395
        ,1025.00009536743,1000,-5945.00007629395,6914.99938964844,3160.00003814697,379.999971389771,6914.99938964844,3160.00003814697
        ,8640.00015258789,3287.90168762207,0,9748.45962524414,6359.8217010498,0,9058.73947143555,2092.50183105469,0,12839.2608642578
        ,6869.82116699219,0,10788.3697509766,6869.82116699219,0,13373.3703613281,7224.99923706055,3160.00003814697,10770.0004577637
        ,7354.99954223633,3160.00003814697,13480.0003051758,2092.50183105469,0,13559.260559082,5859.82131958008,0,14293.3700561523
        ,12.9028886556625,989.999961853027,13080.9997558594,6194.99931335449,3160.00003814697,15060.0006103516,184.999310970306
        ,3740.00015258789,14570.0012207031,-2955.00068664551,3800,15490.0009155273,-1385.00070571899,3740.00015258789,14570.0012207031
        ,14.9996191263199,1000,13855.0003051758,6024.99961853027,1000,14344.9996948242,7054.99954223633,1000,13355.0003051758
        ,7054.99954223633,1000,10835.0006103516,6744.99969482422,1000,8705.00030517578,-7025.00076293945,3800,15490.0009155273
        ,-8385.00061035156,3990.00015258789,13510.0006103516,-7955.16204833984,989.999961853027,13319.9996948242,-3060.00022888184
        ,2350,5939.99977111816,-4365.00015258789,2350,6844.99969482422,-8325.00076293945,4620.00007629395,160.001063346863
        ,-5325.00076293945,4620.00007629395,490.001058578491,-3275.00076293945,3160.00003814697,-3689.99900817871,-3103.50036621094
        ,2350,5090.64979553223,-3059.80033874512,2350,4134.51995849609,-5081.10046386719,2350,5038.42964172363,-5075.88043212891
        ,2350,4027.6424407959,-1115.00072479248,3160.00003814697,-3689.99900817871,-791.281366348267,994.999980926514,-5976.0196685791
        ,-1115.00072479248,3160.00003814697,-6214.99900817871,-4822.60093688965,4620.00007629395,-784.398937225342,-4435.25047302246
        ,2350,-346.900200843811,-5055.00030517578,2350,309.999799728394,-2947.16186523438,0,-1095.72010040283,-2947.16186523438
        ,989.999961853027,1667.99983978271,-3205.00030517578,2350,-830.00020980835,-3794.49691772461,4620.00007629395,-1218.77298355103
        ,6727.16217041016,989.999961853027,446.399879455566,5137.16201782227,989.999961853027,-83.6001217365265,6914.99938964844
        ,3160.00003814697,5749.00016784668,-6835.00061035156,1000,14775,-7830.00030517578,2350,309.999799728394,-7830.00030517578
        ,2350,6844.99969482422,-7921.28143310547,989.999961853027,6943.98040771484,-8325.00076293945,4620.00007629395,6695.20111083984
        ,-4131.2816619873,989.999961853027,6943.98040771484,-2944.25373077393,989.999961853027,4125.92239379883,-2943.12286376953
        ,989.999961853027,5081.78100585938,3450.8617401123,989.999961853027,-83.6001217365265,4559.84420776367,989.999961853027
        ,8905.92880249023,5350.08697509766,992.28401184082,8730.46264648438,6689.82162475586,0,9318.73931884766,3452.2289276123
        ,364.34006690979,3192.42630004883,3731.00395202637,364.34006690979,2709.57336425781,3712.32948303223,475.850105285645
        ,2741.91837310791,3661.30981445313,557.481050491333,2830.28697967529,3591.61643981934,587.360048294067,2950.99983215332
        ,3521.92268371582,557.481050491333,3071.71249389648,3470.90301513672,475.850105285645,3160.08129119873,4462.4813079834
        ,364.336705207825,7642.82073974609,5010.69526672363,364.336609840393,7541.21398925781,4973.97193908691,475.84662437439
        ,7548.02093505859,4873.64120483398,557.477569580078,7566.6145324707,4736.58828735352,587.356615066528,7592.01583862305
        ,4599.53536987305,557.47766494751,7617.41638183594,4499.20463562012,475.846719741821,7636.01303100586,4982.96279907227
        ,587.359952926636,8921.32949829102,4847.5700378418,557.481002807617,8955.68771362305,5121.67549133301,557.480907440186
        ,8904.88510131836,5226.54190063477,475.849962234497,8910.76202392578,4751.77421569824,475.850057601929,8998.75411987305
        ,4721.24671936035,364.340019226074,9038.9892578125,5269.46105957031,364.339923858643,8937.38327026367,5289.70413208008
        ,-4.88450439206645e-005,9046.60568237305,4741.48979187012,4.88449018121173e-005,9148.21090698242,2058.27941894531
        ,0,2319.82975006104,2273.44436645508,0,1941.76998138428,2164.40601348877,587.359952926636,2127.00004577637,2094.71244812012
        ,557.480955123901,2247.71270751953,2043.69297027588,475.850009918213,2336.08150482178,2025.0186920166,364.339995384216
        ,2368.42651367188,2025.0186920166,1.33945192715146e-005,2368.42651367188,2303.7935256958,3.29101084162176e-005,1885.57357788086
        ,2303.7935256958,364.339995384216,1885.57357788086,2285.11924743652,475.850009918213,1917.91858673096,2234.09957885742
        ,557.480955123901,2006.28719329834,2155.54866790771,989.999961853027,2148.92063140869,1729.99992370605,0,3320.00007629395
        ,5540.00015258789,0,2100,5540.00015258789,0,7434.99984741211,1729.99992370605,0,8225,1729.99992370605,935.000038146973
        ,3320.00007629395,5540.00015258789,935.000038146973,2100,5540.00015258789,935.000038146973,7434.99984741211,1729.99992370605
        ,935.000038146973,8225,3387.35008239746,0,8225,3402.34985351563,0,3320.00007629395,3402.34985351563,935.000038146973
        ,3320.00007629395,3387.35008239746,935.000038146973,8225,4323.75297546387,0,7665.00015258789,3958.07800292969,0,2304.29992675781
        ,3958.07800292969,935.000038146973,2304.29992675781,4323.75297546387,935.000038146973,7665.00015258789,5010.69526672363
        ,-0.00336787270498462,7541.21398925781,4459.63821411133,0,7639.30358886719,3469.0372467041,0,3198.11611175537,3733.11920166016
        ,0,2715.45543670654,-1745.16181945801,0,2869.99988555908,1745.16181945801,989.999961853027,2869.99988555908,2947.16186523438
        ,989.999961853027,757.999849319458,-1745.16181945801,989.999961853027,2869.99988555908,3062.78190612793,989.999961853027
        ,6158.92944335938,-791.281366348267,994.999980926514,-3451.0196685791,-2951.28135681152,994.999980926514,-3451.0196685791
        ,1025,989.999961853027,-3450,2955.00011444092,1000,-3435.00022888184,2947.16186523438,989.999961853027,-723.216104507446
        ,2947.16186523438,0,757.999849319458,-791.281366348267,0,-3451.0196685791,1025,-5.00001907348633,-3450,-791.281366348267
        ,0,-5941.01982116699,1025,-5.00001907348633,-5940.00015258789,780.000019073486,1133.99991989136,2952.00004577637,880.000019073486
        ,1133.99991989136,2952.00004577637,-3125.00038146973,1000,14775,-1555.00040054321,1000,13855.0003051758,-2942.08145141602
        ,989.999961853027,5962.06398010254,-2947.16186523438,989.999961853027,-1063.72013092041,6738.13247680664,996.150016784668
        ,5849.45526123047,-8758.50067138672,4478.25012207031,8228.53088378906,780.000019073486,5.00000007450581,2952.00004577637
        ,880.000019073486,5.00000007450581,2952.00004577637,-780.000019073486,5.00000007450581,1225,-880.000019073486,5.00000007450581
        ,1225,-780.000019073486,104.999995231628,1225,-880.000019073486,104.999995231628,1225,-880.000019073486,1133.99991989136
        ,2867.00000762939,-780.000019073486,1133.99991989136,2867.00000762939,-780.000019073486,1133.99991989136,2952.00004577637
        ,-880.000019073486,1133.99991989136,2952.00004577637,-780.000019073486,5.00000007450581,2952.00004577637,-880.000019073486
        ,5.00000007450581,2952.00004577637,-8820.51239013672,4667.44995117188,6828.95126342773,-9282.1891784668,4516.48635864258
        ,8461.94763183594,-8884.41162109375,3996.50001525879,14086.7126464844,-7436.01226806641,3794.15016174316,16195.4132080078
        ,-3101.46198272705,3794.15016174316,16195.4132080078,-1429.41198348999,3730.25016784668,15215.6143188477,242.638063430786
        ,3730.25016784668,15215.6143188477,6643.28842163086,3112.54997253418,15477.4627685547,7878.68804931641,3112.54997253418
        ,13794.7616577148,7740.23818969727,3112.54997253418,11168.6126708984,7410.08834838867,3112.54997253418,8900.16250610352
        ,7410.08834838867,3112.54997253418,5821.2474822998,7410.08834838867,3112.54997253418,103.262424468994,5514.38865661621
        ,3112.54997253418,-519.762563705444,4014.86892700195,3112.54997253418,-775.362586975098,3696.86393737793,3112.54997253418
        ,-1283.36753845215,3627.63900756836,3112.54997253418,-4356.11267089844,1652.18887329102,3112.54997253418,-4381.11267089844
        ,1652.18887329102,3112.54997253418,-6244.11277770996,-8820.51239013672,4667.44995117188,-371.036410331726,-5625.51193237305
        ,4667.44995117188,-19.5864111185074,-5090.45639038086,4667.44995117188,-1136.82241439819,-3995.52536010742,4667.44995117188
        ,-1599.43075180054,-3442.26188659668,3112.54997253418,-4231.28662109375,-1601.86195373535,3112.54997253418,-4231.28662109375
        ,-1601.86195373535,3112.54997253418,-6240.41175842285,2659.99984741211,757.999992370605,3309.99984741211,2689.99977111816
        ,757.999992370605,3309.99984741211,2689.99977111816,757.999992370605,8234.99984741211,2659.99984741211,757.999992370605
        ,8234.99984741211,2659.99984741211,934.000015258789,3309.99984741211,2689.99977111816,934.000015258789,3309.99984741211
        ,2689.99977111816,934.000015258789,8234.99984741211,2659.99984741211,934.000015258789,8234.99984741211,2659.99984741211
        ,757.999992370605,7273.99978637695,2659.99984741211,757.999992370605,7226.00021362305,2689.99977111816,757.999992370605
        ,7226.00021362305,2689.99977111816,757.999992370605,7273.99978637695,2659.99984741211,757.999992370605,6288.99993896484
        ,2659.99984741211,757.999992370605,6240.99960327148,2689.99977111816,757.999992370605,6240.99960327148,2689.99977111816
        ,757.999992370605,6288.99993896484,2659.99984741211,757.999992370605,5304.00009155273,2659.99984741211,757.999992370605
        ,5255.99975585938,2689.99977111816,757.999992370605,5255.99975585938,2689.99977111816,757.999992370605,5304.00009155273
        ,2659.99984741211,757.999992370605,4318.9998626709,2659.99984741211,757.999992370605,4270.99952697754,2689.99977111816
        ,757.999992370605,4270.99952697754,2689.99977111816,757.999992370605,4318.9998626709,2689.99977111816,934.000015258789
        ,7273.99978637695,2689.99977111816,934.000015258789,7226.00021362305,2689.99977111816,934.000015258789,6288.99993896484
        ,2689.99977111816,934.000015258789,6240.99960327148,2689.99977111816,934.000015258789,5304.00009155273,2689.99977111816
        ,934.000015258789,5255.99975585938,2689.99977111816,934.000015258789,4318.9998626709,2689.99977111816,934.000015258789
        ,4270.99952697754,2659.99984741211,934.000015258789,4270.99952697754,2659.99984741211,934.000015258789,4318.9998626709
        ,2659.99984741211,934.000015258789,5255.99975585938,2659.99984741211,934.000015258789,5304.00009155273,2659.99984741211
        ,934.000015258789,6240.99960327148,2659.99984741211,934.000015258789,6288.99993896484,2659.99984741211,934.000015258789
        ,7226.00021362305,2659.99984741211,934.000015258789,7273.99978637695,2659.99984741211,-4.00000773370266,7273.99978637695
        ,2659.99984741211,-4.00000773370266,7226.00021362305,2689.99977111816,-4.00000773370266,7226.00021362305,2689.99977111816
        ,-4.00000773370266,7273.99978637695,2659.99984741211,-4.00000773370266,6288.99993896484,2659.99984741211,-4.00000773370266
        ,6240.99960327148,2689.99977111816,-4.00000773370266,6240.99960327148,2689.99977111816,-4.00000773370266,6288.99993896484
        ,2659.99984741211,-4.00000773370266,5304.00009155273,2659.99984741211,-4.00000773370266,5255.99975585938,2689.99977111816
        ,-4.00000773370266,5255.99975585938,2689.99977111816,-4.00000773370266,5304.00009155273,2659.99984741211,-4.00000773370266
        ,4318.9998626709,2659.99984741211,-4.00000773370266,4270.99952697754,2689.99977111816,-4.00000773370266,4270.99952697754
        ,2689.99977111816,-4.00000773370266,4318.9998626709,1727.99987792969,757.999992370605,6288.99993896484,1727.99987792969
        ,757.999992370605,6240.99960327148,1727.99987792969,757.999992370605,5304.00009155273,1727.99987792969,757.999992370605
        ,5255.99975585938,1727.99987792969,934.000015258789,5255.99975585938,1727.99987792969,934.000015258789,5304.00009155273
        ,1727.99987792969,934.000015258789,6240.99960327148,1727.99987792969,934.000015258789,6288.99993896484,1714.99977111816
        ,-4.00000773370266,7273.99978637695,1714.99977111816,-4.00000773370266,7226.00021362305,1714.99977111816,-4.00000773370266
        ,4318.9998626709,1714.99977111816,-4.00000773370266,4270.99952697754,1714.99977111816,934.000015258789,4270.99952697754
        ,1714.99977111816,934.000015258789,4318.9998626709,1714.99977111816,934.000015258789,7226.00021362305,1714.99977111816
        ,934.000015258789,7273.99978637695,2673.99997711182,-9.99999046325684,4235.00061035156,2666.92886352539,-9.99999046325684
        ,4237.92953491211,2663.99993896484,-9.99999046325684,4245.00045776367,2666.92886352539,-9.99999046325684,4252.07138061523
        ,2673.99997711182,-9.99999046325684,4255.00030517578,2681.07109069824,-9.99999046325684,4252.07138061523,2684.00001525879
        ,-9.99999046325684,4245.00045776367,2681.07109069824,-9.99999046325684,4237.92953491211,2673.99997711182,765.000009536743
        ,4235.00061035156,2666.92886352539,765.000009536743,4237.92953491211,2663.99993896484,765.000009536743,4245.00045776367
        ,2666.92886352539,765.000009536743,4252.07138061523,2673.99997711182,765.000009536743,4255.00030517578,2681.07109069824
        ,765.000009536743,4252.07138061523,2684.00001525879,765.000009536743,4245.00045776367,2681.07109069824,765.000009536743
        ,4237.92953491211,2673.99997711182,-9.99999046325684,5223.00071716309,2666.92886352539,-9.99999046325684,5225.92964172363
        ,2663.99993896484,-9.99999046325684,5233.0005645752,2666.92886352539,-9.99999046325684,5240.07148742676,2673.99997711182
        ,-9.99999046325684,5243.0004119873,2681.07109069824,-9.99999046325684,5240.07148742676,2684.00001525879,-9.99999046325684
        ,5233.0005645752,2681.07109069824,-9.99999046325684,5225.92964172363,2673.99997711182,765.000009536743,5223.00071716309
        ,2666.92886352539,765.000009536743,5225.92964172363,2663.99993896484,765.000009536743,5233.0005645752,2666.92886352539
        ,765.000009536743,5240.07148742676,2673.99997711182,765.000009536743,5243.0004119873,2681.07109069824,765.000009536743
        ,5240.07148742676,2684.00001525879,765.000009536743,5233.0005645752,2681.07109069824,765.000009536743,5225.92964172363
        ,2673.99997711182,-9.99999046325684,7185.00061035156,2666.92886352539,-9.99999046325684,7187.92953491211,2663.99993896484
        ,-9.99999046325684,7195.00045776367,2666.92886352539,-9.99999046325684,7202.07138061523,2673.99997711182,-9.99999046325684
        ,7205.00030517578,2681.07109069824,-9.99999046325684,7202.07138061523,2684.00001525879,-9.99999046325684,7195.00045776367
        ,2681.07109069824,-9.99999046325684,7187.92953491211,2673.99997711182,765.000009536743,7185.00061035156,2666.92886352539
        ,765.000009536743,7187.92953491211,2663.99993896484,765.000009536743,7195.00045776367,2666.92886352539,765.000009536743
        ,7202.07138061523,2673.99997711182,765.000009536743,7205.00030517578,2681.07109069824,765.000009536743,7202.07138061523
        ,2684.00001525879,765.000009536743,7195.00045776367,2681.07109069824,765.000009536743,7187.92953491211,2673.99997711182
        ,-9.99999046325684,8193.00079345703,2666.92886352539,-9.99999046325684,8195.92971801758,2663.99993896484,-9.99999046325684
        ,8203.00064086914,2666.92886352539,-9.99999046325684,8210.0715637207,2673.99997711182,-9.99999046325684,8213.00048828125
        ,2681.07109069824,-9.99999046325684,8210.0715637207,2684.00001525879,-9.99999046325684,8203.00064086914,2681.07109069824
        ,-9.99999046325684,8195.92971801758,2673.99997711182,765.000009536743,8193.00079345703,2666.92886352539,765.000009536743
        ,8195.92971801758,2663.99993896484,765.000009536743,8203.00064086914,2666.92886352539,765.000009536743,8210.0715637207
        ,2673.99997711182,765.000009536743,8213.00048828125,2681.07109069824,765.000009536743,8210.0715637207,2684.00001525879
        ,765.000009536743,8203.00064086914,2681.07109069824,765.000009536743,8195.92971801758,2673.99997711182,-9.99999046325684
        ,4168.00079345703,2666.92886352539,-9.99999046325684,4170.92971801758,2663.99993896484,-9.99999046325684,4178.00064086914
        ,2666.92886352539,-9.99999046325684,4185.0715637207,2673.99997711182,-9.99999046325684,4188.00048828125,2681.07109069824
        ,-9.99999046325684,4185.0715637207,2684.00001525879,-9.99999046325684,4178.00064086914,2681.07109069824,-9.99999046325684
        ,4170.92971801758,2673.99997711182,765.000009536743,4168.00079345703,2666.92886352539,765.000009536743,4170.92971801758
        ,2663.99993896484,765.000009536743,4178.00064086914,2666.92886352539,765.000009536743,4185.0715637207,2673.99997711182
        ,765.000009536743,4188.00048828125,2681.07109069824,765.000009536743,4185.0715637207,2684.00001525879,765.000009536743
        ,4178.00064086914,2681.07109069824,765.000009536743,4170.92971801758,2673.99997711182,-9.99999046325684,5156.00090026855
        ,2666.92886352539,-9.99999046325684,5158.9298248291,2663.99993896484,-9.99999046325684,5166.00074768066,2666.92886352539
        ,-9.99999046325684,5173.07167053223,2673.99997711182,-9.99999046325684,5176.00059509277,2681.07109069824,-9.99999046325684
        ,5173.07167053223,2684.00001525879,-9.99999046325684,5166.00074768066,2681.07109069824,-9.99999046325684,5158.9298248291
        ,2673.99997711182,765.000009536743,5156.00090026855,2666.92886352539,765.000009536743,5158.9298248291,2663.99993896484
        ,765.000009536743,5166.00074768066,2666.92886352539,765.000009536743,5173.07167053223,2673.99997711182,765.000009536743
        ,5176.00059509277,2681.07109069824,765.000009536743,5173.07167053223,2684.00001525879,765.000009536743,5166.00074768066
        ,2681.07109069824,765.000009536743,5158.9298248291,2673.99997711182,-9.99999046325684,7118.00079345703,2666.92886352539
        ,-9.99999046325684,7120.92971801758,2663.99993896484,-9.99999046325684,7128.00064086914,2666.92886352539,-9.99999046325684
        ,7135.0715637207,2673.99997711182,-9.99999046325684,7138.00048828125,2681.07109069824,-9.99999046325684,7135.0715637207
        ,2684.00001525879,-9.99999046325684,7128.00064086914,2681.07109069824,-9.99999046325684,7120.92971801758,2673.99997711182
        ,765.000009536743,7118.00079345703,2666.92886352539,765.000009536743,7120.92971801758,2663.99993896484,765.000009536743
        ,7128.00064086914,2666.92886352539,765.000009536743,7135.0715637207,2673.99997711182,765.000009536743,7138.00048828125
        ,2681.07109069824,765.000009536743,7135.0715637207,2684.00001525879,765.000009536743,7128.00064086914,2681.07109069824
        ,765.000009536743,7120.92971801758,2673.99997711182,-9.99999046325684,8126.0009765625,2666.92886352539,-9.99999046325684
        ,8128.92990112305,2663.99993896484,-9.99999046325684,8136.00082397461,2666.92886352539,-9.99999046325684,8143.07174682617
        ,2673.99997711182,-9.99999046325684,8146.00067138672,2681.07109069824,-9.99999046325684,8143.07174682617,2684.00001525879
        ,-9.99999046325684,8136.00082397461,2681.07109069824,-9.99999046325684,8128.92990112305,2673.99997711182,765.000009536743
        ,8126.0009765625,2666.92886352539,765.000009536743,8128.92990112305,2663.99993896484,765.000009536743,8136.00082397461
        ,2666.92886352539,765.000009536743,8143.07174682617,2673.99997711182,765.000009536743,8146.00067138672,2681.07109069824
        ,765.000009536743,8143.07174682617,2684.00001525879,765.000009536743,8136.00082397461,2681.07109069824,765.000009536743
        ,8128.92990112305,2673.99997711182,-9.99999046325684,4101.00059509277,2666.92886352539,-9.99999046325684,4103.92951965332
        ,2663.99993896484,-9.99999046325684,4111.00044250488,2666.92886352539,-9.99999046325684,4118.07136535645,2673.99997711182
        ,-9.99999046325684,4121.00028991699,2681.07109069824,-9.99999046325684,4118.07136535645,2684.00001525879,-9.99999046325684
        ,4111.00044250488,2681.07109069824,-9.99999046325684,4103.92951965332,2673.99997711182,765.000009536743,4101.00059509277
        ,2666.92886352539,765.000009536743,4103.92951965332,2663.99993896484,765.000009536743,4111.00044250488,2666.92886352539
        ,765.000009536743,4118.07136535645,2673.99997711182,765.000009536743,4121.00028991699,2681.07109069824,765.000009536743
        ,4118.07136535645,2684.00001525879,765.000009536743,4111.00044250488,2681.07109069824,765.000009536743,4103.92951965332
        ,2673.99997711182,-9.99999046325684,5089.0007019043,2666.92886352539,-9.99999046325684,5091.92962646484,2663.99993896484
        ,-9.99999046325684,5099.00054931641,2666.92886352539,-9.99999046325684,5106.07147216797,2673.99997711182,-9.99999046325684
        ,5109.00039672852,2681.07109069824,-9.99999046325684,5106.07147216797,2684.00001525879,-9.99999046325684,5099.00054931641
        ,2681.07109069824,-9.99999046325684,5091.92962646484,2673.99997711182,765.000009536743,5089.0007019043,2666.92886352539
        ,765.000009536743,5091.92962646484,2663.99993896484,765.000009536743,5099.00054931641,2666.92886352539,765.000009536743
        ,5106.07147216797,2673.99997711182,765.000009536743,5109.00039672852,2681.07109069824,765.000009536743,5106.07147216797
        ,2684.00001525879,765.000009536743,5099.00054931641,2681.07109069824,765.000009536743,5091.92962646484,2673.99997711182
        ,-9.99999046325684,7051.0009765625,2666.92886352539,-9.99999046325684,7053.92913818359,2663.99993896484,-9.99999046325684
        ,7061.00006103516,2666.92886352539,-9.99999046325684,7068.07098388672,2673.99997711182,-9.99999046325684,7071.00067138672
        ,2681.07109069824,-9.99999046325684,7068.07098388672,2684.00001525879,-9.99999046325684,7061.00006103516,2681.07109069824
        ,-9.99999046325684,7053.92913818359,2673.99997711182,765.000009536743,7051.0009765625,2666.92886352539,765.000009536743
        ,7053.92913818359,2663.99993896484,765.000009536743,7061.00006103516,2666.92886352539,765.000009536743,7068.07098388672
        ,2673.99997711182,765.000009536743,7071.00067138672,2681.07109069824,765.000009536743,7068.07098388672,2684.00001525879
        ,765.000009536743,7061.00006103516,2681.07109069824,765.000009536743,7053.92913818359,2673.99997711182,-9.99999046325684
        ,8059.00115966797,2666.92886352539,-9.99999046325684,8061.92932128906,2663.99993896484,-9.99999046325684,8069.00024414063
        ,2666.92886352539,-9.99999046325684,8076.07116699219,2673.99997711182,-9.99999046325684,8079.00085449219,2681.07109069824
        ,-9.99999046325684,8076.07116699219,2684.00001525879,-9.99999046325684,8069.00024414063,2681.07109069824,-9.99999046325684
        ,8061.92932128906,2673.99997711182,765.000009536743,8059.00115966797,2666.92886352539,765.000009536743,8061.92932128906
        ,2663.99993896484,765.000009536743,8069.00024414063,2666.92886352539,765.000009536743,8076.07116699219,2673.99997711182
        ,765.000009536743,8079.00085449219,2681.07109069824,765.000009536743,8076.07116699219,2684.00001525879,765.000009536743
        ,8069.00024414063,2681.07109069824,765.000009536743,8061.92932128906,2673.99997711182,-9.99999046325684,4034.00077819824
        ,2666.92886352539,-9.99999046325684,4036.92970275879,2663.99993896484,-9.99999046325684,4044.00062561035,2666.92886352539
        ,-9.99999046325684,4051.07154846191,2673.99997711182,-9.99999046325684,4054.00047302246,2681.07109069824,-9.99999046325684
        ,4051.07154846191,2684.00001525879,-9.99999046325684,4044.00062561035,2681.07109069824,-9.99999046325684,4036.92970275879
        ,2673.99997711182,765.000009536743,4034.00077819824,2666.92886352539,765.000009536743,4036.92970275879,2663.99993896484
        ,765.000009536743,4044.00062561035,2666.92886352539,765.000009536743,4051.07154846191,2673.99997711182,765.000009536743
        ,4054.00047302246,2681.07109069824,765.000009536743,4051.07154846191,2684.00001525879,765.000009536743,4044.00062561035
        ,2681.07109069824,765.000009536743,4036.92970275879,2673.99997711182,-9.99999046325684,5022.00088500977,2666.92886352539
        ,-9.99999046325684,5024.92980957031,2663.99993896484,-9.99999046325684,5032.00073242188,2666.92886352539,-9.99999046325684
        ,5039.07165527344,2673.99997711182,-9.99999046325684,5042.00057983398,2681.07109069824,-9.99999046325684,5039.07165527344
        ,2684.00001525879,-9.99999046325684,5032.00073242188,2681.07109069824,-9.99999046325684,5024.92980957031,2673.99997711182
        ,765.000009536743,5022.00088500977,2666.92886352539,765.000009536743,5024.92980957031,2663.99993896484,765.000009536743
        ,5032.00073242188,2666.92886352539,765.000009536743,5039.07165527344,2673.99997711182,765.000009536743,5042.00057983398
        ,2681.07109069824,765.000009536743,5039.07165527344,2684.00001525879,765.000009536743,5032.00073242188,2681.07109069824
        ,765.000009536743,5024.92980957031,2673.99997711182,-9.99999046325684,6984.00115966797,2666.92886352539,-9.99999046325684
        ,6986.92932128906,2663.99993896484,-9.99999046325684,6994.00024414063,2666.92886352539,-9.99999046325684,7001.07116699219
        ,2673.99997711182,-9.99999046325684,7004.00085449219,2681.07109069824,-9.99999046325684,7001.07116699219,2684.00001525879
        ,-9.99999046325684,6994.00024414063,2681.07109069824,-9.99999046325684,6986.92932128906,2673.99997711182,765.000009536743
        ,6984.00115966797,2666.92886352539,765.000009536743,6986.92932128906,2663.99993896484,765.000009536743,6994.00024414063
        ,2666.92886352539,765.000009536743,7001.07116699219,2673.99997711182,765.000009536743,7004.00085449219,2681.07109069824
        ,765.000009536743,7001.07116699219,2684.00001525879,765.000009536743,6994.00024414063,2681.07109069824,765.000009536743
        ,6986.92932128906,2673.99997711182,-9.99999046325684,7992.00134277344,2666.92886352539,-9.99999046325684,7994.92950439453
        ,2663.99993896484,-9.99999046325684,8002.00042724609,2666.92886352539,-9.99999046325684,8009.07135009766,2673.99997711182
        ,-9.99999046325684,8012.00103759766,2681.07109069824,-9.99999046325684,8009.07135009766,2684.00001525879,-9.99999046325684
        ,8002.00042724609,2681.07109069824,-9.99999046325684,7994.92950439453,2673.99997711182,765.000009536743,7992.00134277344
        ,2666.92886352539,765.000009536743,7994.92950439453,2663.99993896484,765.000009536743,8002.00042724609,2666.92886352539
        ,765.000009536743,8009.07135009766,2673.99997711182,765.000009536743,8012.00103759766,2681.07109069824,765.000009536743
        ,8009.07135009766,2684.00001525879,765.000009536743,8002.00042724609,2681.07109069824,765.000009536743,7994.92950439453
        ,2673.99997711182,-9.99999046325684,3967.00057983398,2666.92886352539,-9.99999046325684,3969.92950439453,2663.99993896484
        ,-9.99999046325684,3977.00042724609,2666.92886352539,-9.99999046325684,3984.07135009766,2673.99997711182,-9.99999046325684
        ,3987.0002746582,2681.07109069824,-9.99999046325684,3984.07135009766,2684.00001525879,-9.99999046325684,3977.00042724609
        ,2681.07109069824,-9.99999046325684,3969.92950439453,2673.99997711182,765.000009536743,3967.00057983398,2666.92886352539
        ,765.000009536743,3969.92950439453,2663.99993896484,765.000009536743,3977.00042724609,2666.92886352539,765.000009536743
        ,3984.07135009766,2673.99997711182,765.000009536743,3987.0002746582,2681.07109069824,765.000009536743,3984.07135009766
        ,2684.00001525879,765.000009536743,3977.00042724609,2681.07109069824,765.000009536743,3969.92950439453,2673.99997711182
        ,-9.99999046325684,4955.00068664551,2666.92886352539,-9.99999046325684,4957.92961120605,2663.99993896484,-9.99999046325684
        ,4965.00053405762,2666.92886352539,-9.99999046325684,4972.07145690918,2673.99997711182,-9.99999046325684,4975.00038146973
        ,2681.07109069824,-9.99999046325684,4972.07145690918,2684.00001525879,-9.99999046325684,4965.00053405762,2681.07109069824
        ,-9.99999046325684,4957.92961120605,2673.99997711182,765.000009536743,4955.00068664551,2666.92886352539,765.000009536743
        ,4957.92961120605,2663.99993896484,765.000009536743,4965.00053405762,2666.92886352539,765.000009536743,4972.07145690918
        ,2673.99997711182,765.000009536743,4975.00038146973,2681.07109069824,765.000009536743,4972.07145690918,2684.00001525879
        ,765.000009536743,4965.00053405762,2681.07109069824,765.000009536743,4957.92961120605,2673.99997711182,-9.99999046325684
        ,6917.00057983398,2666.92886352539,-9.99999046325684,6919.92950439453,2663.99993896484,-9.99999046325684,6927.00042724609
        ,2666.92886352539,-9.99999046325684,6934.07135009766,2673.99997711182,-9.99999046325684,6937.0002746582,2681.07109069824
        ,-9.99999046325684,6934.07135009766,2684.00001525879,-9.99999046325684,6927.00042724609,2681.07109069824,-9.99999046325684
        ,6919.92950439453,2673.99997711182,765.000009536743,6917.00057983398,2666.92886352539,765.000009536743,6919.92950439453
        ,2663.99993896484,765.000009536743,6927.00042724609,2666.92886352539,765.000009536743,6934.07135009766,2673.99997711182
        ,765.000009536743,6937.0002746582,2681.07109069824,765.000009536743,6934.07135009766,2684.00001525879,765.000009536743
        ,6927.00042724609,2681.07109069824,765.000009536743,6919.92950439453,2673.99997711182,765.000009536743,7925.00076293945
        ,2666.92886352539,765.000009536743,7927.9296875,2663.99993896484,765.000009536743,7935.00061035156,2666.92886352539
        ,765.000009536743,7942.07153320313,2673.99997711182,765.000009536743,7945.00045776367,2681.07109069824,765.000009536743
        ,7942.07153320313,2684.00001525879,765.000009536743,7935.00061035156,2681.07109069824,765.000009536743,7927.9296875
        ,2673.99997711182,-9.99999046325684,3900.00076293945,2666.92886352539,-9.99999046325684,3902.9296875,2663.99993896484
        ,-9.99999046325684,3910.00061035156,2666.92886352539,-9.99999046325684,3917.07153320313,2673.99997711182,-9.99999046325684
        ,3920.00045776367,2681.07109069824,-9.99999046325684,3917.07153320313,2684.00001525879,-9.99999046325684,3910.00061035156
        ,2681.07109069824,-9.99999046325684,3902.9296875,2673.99997711182,765.000009536743,3900.00076293945,2666.92886352539
        ,765.000009536743,3902.9296875,2663.99993896484,765.000009536743,3910.00061035156,2666.92886352539,765.000009536743
        ,3917.07153320313,2673.99997711182,765.000009536743,3920.00045776367,2681.07109069824,765.000009536743,3917.07153320313
        ,2684.00001525879,765.000009536743,3910.00061035156,2681.07109069824,765.000009536743,3902.9296875,2673.99997711182
        ,-9.99999046325684,4888.00086975098,2666.92886352539,-9.99999046325684,4890.92979431152,2663.99993896484,-9.99999046325684
        ,4898.00071716309,2666.92886352539,-9.99999046325684,4905.07164001465,2673.99997711182,-9.99999046325684,4908.0005645752
        ,2681.07109069824,-9.99999046325684,4905.07164001465,2684.00001525879,-9.99999046325684,4898.00071716309,2681.07109069824
        ,-9.99999046325684,4890.92979431152,2673.99997711182,765.000009536743,4888.00086975098,2666.92886352539,765.000009536743
        ,4890.92979431152,2663.99993896484,765.000009536743,4898.00071716309,2666.92886352539,765.000009536743,4905.07164001465
        ,2673.99997711182,765.000009536743,4908.0005645752,2681.07109069824,765.000009536743,4905.07164001465,2684.00001525879
        ,765.000009536743,4898.00071716309,2681.07109069824,765.000009536743,4890.92979431152,2673.99997711182,-9.99999046325684
        ,6850.00076293945,2666.92886352539,-9.99999046325684,6852.9296875,2663.99993896484,-9.99999046325684,6860.00061035156
        ,2666.92886352539,-9.99999046325684,6867.07153320313,2673.99997711182,-9.99999046325684,6870.00045776367,2681.07109069824
        ,-9.99999046325684,6867.07153320313,2684.00001525879,-9.99999046325684,6860.00061035156,2681.07109069824,-9.99999046325684
        ,6852.9296875,2673.99997711182,765.000009536743,6850.00076293945,2666.92886352539,765.000009536743,6852.9296875,2663.99993896484
        ,765.000009536743,6860.00061035156,2666.92886352539,765.000009536743,6867.07153320313,2673.99997711182,765.000009536743
        ,6870.00045776367,2681.07109069824,765.000009536743,6867.07153320313,2684.00001525879,765.000009536743,6860.00061035156
        ,2681.07109069824,765.000009536743,6852.9296875,2673.99997711182,-9.99999046325684,3833.0005645752,2666.92886352539
        ,-9.99999046325684,3835.92948913574,2663.99993896484,-9.99999046325684,3843.0004119873,2666.92886352539,-9.99999046325684
        ,3850.07133483887,2673.99997711182,-9.99999046325684,3853.00025939941,2681.07109069824,-9.99999046325684,3850.07133483887
        ,2684.00001525879,-9.99999046325684,3843.0004119873,2681.07109069824,-9.99999046325684,3835.92948913574,2673.99997711182
        ,765.000009536743,3833.0005645752,2666.92886352539,765.000009536743,3835.92948913574,2663.99993896484,765.000009536743
        ,3843.0004119873,2666.92886352539,765.000009536743,3850.07133483887,2673.99997711182,765.000009536743,3853.00025939941
